0.058036 0.028739 0.013951 0.007533 0.028739 0.018136 0.009487 0.005022 0.013951 0.009487 0.004743 0.001953 0.007533 0.005022 0.001953 0.062500 
0.026786 0.041295 0.020368 0.011998 0.016183 0.018136 0.011719 0.007533 0.007533 0.007254 0.004743 0.002790 0.003069 0.002511 0.001116 0.062500 
0.008929 0.017299 0.038225 0.023717 0.004464 0.008650 0.015067 0.013114 -0.000279 0.001674 0.004185 0.004464 -0.003069 -0.001953 -0.000558 0.062500 
-0.000000 0.006417 0.021205 0.050502 -0.002511 0.001953 0.010603 0.021205 -0.005580 -0.002790 0.001953 0.006417 -0.007533 -0.005580 -0.002511 0.062500 
0.026786 0.016183 0.007533 0.003069 0.041295 0.018136 0.007254 0.002511 0.020368 0.011719 0.004743 0.001116 0.011998 0.007533 0.002790 0.062500 
0.013393 0.015346 0.008929 0.004743 0.015346 0.027623 0.010603 0.004464 0.008929 0.010603 0.005301 0.001953 0.004743 0.004464 0.001953 0.062500 
-0.000000 0.004185 0.010603 0.008650 -0.000279 0.005859 0.022879 0.010603 -0.002790 0.000558 0.005859 0.004185 -0.004743 -0.002790 -0.000279 0.062500 
-0.008929 -0.004464 0.004185 0.014788 -0.009487 -0.004743 0.006138 0.029297 -0.010882 -0.007254 -0.000279 0.008371 -0.011998 -0.009208 -0.004464 0.062500 
0.008929 0.004464 -0.000279 -0.003069 0.017299 0.008650 0.001674 -0.001953 0.038225 0.015067 0.004185 -0.000558 0.023717 0.013114 0.004464 0.062500 
-0.000000 -0.000279 -0.002790 -0.004743 0.004185 0.005859 0.000558 -0.002790 0.010603 0.022879 0.005859 -0.000279 0.008650 0.010603 0.004185 0.062500 
-0.013393 -0.011440 -0.008929 -0.008650 -0.011440 -0.008092 -0.002790 -0.004464 -0.008929 -0.002790 0.014230 0.001953 -0.008650 -0.004464 0.001953 0.062500 
-0.026786 -0.023996 -0.019252 -0.014788 -0.025670 -0.022042 -0.015067 -0.006417 -0.024275 -0.019531 -0.008650 0.014509 -0.023717 -0.019252 -0.010603 0.062500 
0.000000 -0.002511 -0.005580 -0.007533 0.006417 0.001953 -0.002790 -0.005580 0.021205 0.010603 0.001953 -0.002511 0.050502 0.021205 0.006417 0.062500 
-0.008929 -0.009487 -0.010882 -0.011998 -0.004464 -0.004743 -0.007254 -0.009208 0.004185 0.006138 -0.000279 -0.004464 0.014788 0.029297 0.008371 0.062500 
-0.026786 -0.025670 -0.024275 -0.023717 -0.023996 -0.022042 -0.019531 -0.019252 -0.019252 -0.015067 -0.008650 -0.010603 -0.014788 -0.006417 0.014509 0.062500 
-0.058036 -0.056083 -0.053013 -0.050502 -0.056083 -0.053292 -0.048549 -0.044085 -0.053013 -0.048549 -0.039900 -0.029297 -0.050502 -0.044085 -0.029297 0.062500 
